SpectrumID=SampleSpec
Time=11-04-2022 16:33:12
DeadTime(%)=1.19
LiveTime=250
RealTime=253
Channels=0 1023
0
0
0
0
0
0
0
0
0
0
0
0
0
0
0
0
0
0
0
0
0
0
0
0
0
0
0
0
0
0
0
0
0
0
0
0
3
2
0
1
3
11
13
13
19
16
16
32
47
56
49
69
158
263
421
553
597
690
837
971
1034
1096
1224
1264
1362
1402
1400
1409
1414
1431
1422
1391
1402
1381
1379
1381
1265
1300
1381
1320
1264
1322
1378
1270
1250
1311
1315
1215
1280
1290
1312
1345
1300
1365
1351
1354
1315
1344
1326
1291
1394
1304
1244
1226
1283
1216
1217
1161
1143
1150
1089
1120
1080
1066
1084
1027
1005
953
931
937
918
919
939
940
891
845
798
823
739
790
806
754
751
733
811
725
704
688
705
680
687
689
630
673
650
660
660
658
624
593
602
602
605
559
563
554
544
511
571
575
520
516
576
514
525
486
522
524
531
553
512
504
472
492
503
458
502
520
487
479
501
478
451
515
452
493
478
445
492
458
499
453
432
440
468
450
486
431
468
415
421
461
448
436
480
425
470
399
394
396
418
399
395
418
370
395
373
365
327
350
347
316
304
325
302
295
267
267
265
262
254
221
235
206
212
205
191
184
170
172
162
178
189
178
178
180
144
172
149
162
143
172
144
152
159
143
138
131
147
140
130
147
123
133
151
138
133
137
123
139
140
169
155
153
154
169
193
175
200
185
205
194
209
195
231
252
233
263
287
316
320
330
358
379
402
457
470
534
556
603
660
676
743
807
917
901
976
1080
1119
1204
1265
1320
1338
1493
1410
1443
1509
1551
1499
1572
1483
1446
1517
1496
1391
1388
1278
1205
1124
1045
1003
948
855
772
737
676
579
524
494
473
402
346
299
262
222
227
165
153
129
127
91
85
81
61
46
49
36
39
49
28
25
31
32
22
27
30
19
19
17
19
21
28
14
17
19
19
25
18
21
24
22
16
21
9
18
14
29
21
20
24
16
19
23
25
20
24
12
13
19
23
10
17
16
17
21
22
15
25
19
19
15
17
20
17
15
22
23
14
20
16
13
20
20
15
22
16
16
23
23
19
19
18
22
24
15
15
20
20
13
21
28
14
25
11
14
13
11
18
14
12
29
20
17
19
15
17
23
16
17
20
22
13
15
19
14
13
13
15
9
11
14
16
15
13
20
21
17
7
10
15
15
11
15
13
13
15
25
11
18
14
6
13
12
8
8
8
7
11
13
7
8
10
11
1
7
16
10
7
9
11
12
9
6
12
11
5
12
14
9
8
9
9
12
6
8
11
17
4
12
16
18
10
12
10
13
8
9
7
13
10
15
14
13
14
13
15
11
6
6
14
12
10
15
9
10
6
13
12
18
11
7
14
10
11
9
11
8
8
10
9
1
12
13
7
11
9
6
11
9
10
10
12
6
11
11
12
4
13
9
8
10
7
13
8
9
14
9
8
10
6
3
5
8
9
6
8
7
5
7
6
5
10
6
9
4
5
6
7
8
5
4
10
4
1
1
7
4
2
3
2
9
5
9
6
8
5
2
8
10
9
4
6
6
7
3
5
5
3
6
4
7
5
5
3
6
5
6
7
5
4
11
9
6
5
4
6
3
7
3
7
7
8
8
9
11
13
4
8
10
8
10
7
7
19
14
13
10
16
9
13
10
12
15
7
16
18
12
11
11
13
13
18
9
8
7
9
11
10
6
13
10
13
8
10
9
4
16
13
10
6
3
5
8
6
6
5
2
10
6
3
7
9
8
5
5
4
3
4
8
6
6
2
1
6
4
10
2
3
4
4
3
2
3
4
1
1
2
4
1
1
4
4
5
3
2
1
2
1
2
2
1
6
4
2
3
3
1
1
3
1
5
4
1
3
5
0
2
2
0
2
1
5
3
3
1
2
5
2
0
4
2
3
1
2
2
2
1
1
1
2
1
1
3
3
1
2
1
1
2
1
0
3
1
1
1
2
3
0
0
2
2
2
2
2
1
1
2
4
0
1
1
1
1
1
4
3
3
1
2
1
3
2
1
4
1
0
1
2
3
3
2
1
1
3
2
0
0
1
3
1
2
1
3
2
2
3
2
1
1
3
1
1
1
1
1
4
2
2
0
2
5
4
3
4
1
5
2
0
4
6
6
3
4
3
3
3
3
4
7
7
5
4
7
4
3
3
5
9
6
4
7
8
11
5
9
11
11
10
10
2
3
7
7
5
8
7
3
4
9
9
7
7
7
6
6
6
3
4
3
2
3
3
4
6
4
3
7
1
4
9
3
4
7
9
5
9
9
8
10
13
9
12
9
6
3
3
7
11
1
1
1
2
2
1
1
1
0
1
1
0
1
0
0
0
0
2
0
2
0
1
0
0
1
1
1
2
3
7
0
0
0
0
0
0
0
0
0
0
0
0
0
0
0
0
