SpectrumID=SampleSpec
Time=11-04-2022 17:47:53
DeadTime(%)=1.19
LiveTime=250
RealTime=253
Channels=0 1023
0
0
0
0
0
0
0
0
0
0
0
0
0
0
0
0
0
0
0
0
0
0
0
0
0
0
0
0
0
0
0
0
0
0
0
0
1
3
2
3
3
6
6
11
11
6
17
20
32
30
37
54
111
193
314
528
646
674
829
946
1089
1088
1110
1285
1306
1342
1360
1352
1295
1352
1337
1331
1278
1294
1263
1171
1246
1255
1210
1215
1221
1202
1093
1159
1111
1126
1119
1112
1083
1122
1098
1037
1098
1005
1015
1027
1032
1116
1058
912
928
925
941
963
949
879
890
910
873
883
841
851
801
811
733
845
758
753
725
715
685
714
716
648
639
651
620
652
576
620
563
560
557
570
554
517
550
525
529
539
523
514
481
508
471
453
467
474
462
461
416
437
422
411
415
420
337
415
396
414
405
367
414
403
377
382
393
409
375
360
376
366
390
351
368
335
359
360
345
373
364
322
338
342
362
368
359
294
348
351
297
314
326
324
319
337
305
301
336
318
316
315
327
306
290
327
310
286
314
300
307
286
277
294
281
289
315
263
274
287
247
254
262
243
217
241
244
226
214
235
220
216
210
208
200
231
179
212
193
209
193
183
184
183
179
190
167
188
176
172
172
202
196
161
199
174
185
176
178
185
151
183
161
154
174
158
143
181
158
182
183
156
184
166
180
163
192
183
162
172
172
203
197
206
200
197
182
222
224
213
227
210
235
229
254
273
288
293
321
319
311
395
349
402
420
423
496
493
511
472
575
582
592
605
635
645
621
613
637
640
617
618
571
542
536
523
514
499
452
393
397
363
349
319
305
238
253
209
199
173
142
120
119
108
106
80
62
50
57
47
39
36
41
32
27
39
20
33
22
34
23
26
11
23
16
24
20
24
20
14
13
16
19
17
21
17
27
11
23
18
14
22
17
14
16
24
19
23
20
15
19
10
12
23
17
11
18
10
16
18
17
17
17
25
16
20
16
9
14
19
12
13
11
18
13
23
12
18
16
19
16
13
21
12
10
20
21
15
9
18
20
16
13
11
17
18
13
19
13
22
16
15
16
15
12
10
18
14
11
16
19
11
11
6
10
10
12
13
15
11
9
13
17
11
19
15
15
15
21
15
12
10
22
14
18
17
10
9
13
14
14
10
12
14
12
13
8
14
11
10
7
9
3
15
7
14
10
10
12
19
13
4
12
13
13
13
13
11
9
12
13
11
12
8
8
9
10
5
12
7
14
13
12
13
11
10
14
9
11
15
7
12
6
12
5
7
13
7
8
11
8
7
10
8
13
11
9
10
13
9
11
6
11
7
5
4
7
8
11
2
9
7
9
10
9
6
9
10
3
11
5
9
7
7
6
6
9
3
8
5
8
9
8
12
6
5
9
4
6
8
6
8
3
2
3
12
7
6
5
7
9
5
3
6
4
11
7
12
12
6
6
5
4
10
5
9
6
2
9
5
7
8
7
4
7
3
7
2
0
4
6
2
3
4
9
2
5
9
6
3
4
6
7
7
8
7
3
6
7
9
5
10
5
7
2
6
5
4
4
2
9
8
10
8
7
10
12
11
13
21
9
9
11
7
8
7
11
14
10
10
8
8
11
18
5
15
14
10
13
7
13
19
10
12
13
10
10
11
12
16
13
9
13
10
12
13
8
9
7
7
9
9
7
9
9
7
9
10
7
5
15
3
5
4
5
5
4
8
8
9
7
4
3
8
5
3
5
5
5
2
6
3
3
2
2
4
2
1
4
2
1
1
0
2
3
3
1
4
7
5
2
2
1
1
4
2
3
2
5
2
1
5
3
0
2
3
2
3
3
3
2
2
5
2
1
4
0
3
3
3
3
2
4
2
2
1
2
1
2
6
3
5
2
2
1
3
4
2
1
2
4
4
4
5
2
1
2
1
3
1
3
2
0
2
0
2
1
2
6
2
2
1
1
2
5
5
0
1
1
2
4
1
3
1
0
1
0
4
1
1
0
1
3
2
0
3
3
0
0
2
2
1
3
3
1
0
1
2
1
1
4
0
3
2
1
1
1
1
0
2
5
3
0
0
1
2
1
6
1
2
1
4
5
3
3
2
1
0
1
5
2
6
5
7
6
3
6
4
3
7
5
1
7
7
8
5
7
4
10
9
3
9
10
6
8
6
8
7
3
6
7
9
6
7
7
4
8
3
11
4
5
6
1
4
1
6
6
1
2
5
0
1
3
5
1
5
5
3
6
4
5
6
7
10
5
7
10
6
11
7
8
7
7
5
3
3
0
1
0
1
1
1
1
2
0
2
2
1
0
0
1
0
1
2
2
1
1
2
3
1
0
3
2
16
13
39
56
2
0
0
0
0
0
0
0
0
0
0
0
0
0
0
0
0
