SpectrumID=SampleSpec
Time=11-04-2022 17:34:49
DeadTime(%)=0.79
LiveTime=250
RealTime=252
Channels=0 1023
0
0
0
0
0
0
0
0
0
0
0
0
0
0
0
0
0
0
0
0
0
0
0
0
0
0
0
0
0
0
0
0
0
0
0
0
1
0
2
2
4
3
6
11
9
20
28
26
19
26
54
69
104
230
355
523
567
657
858
999
1034
1098
1210
1270
1369
1415
1398
1352
1376
1325
1307
1323
1293
1312
1278
1335
1265
1230
1215
1189
1280
1199
1164
1174
1111
1140
1212
1137
1104
1103
1054
1087
1038
1105
1138
1037
1071
1173
1054
1095
1057
1021
1024
1011
968
1000
994
899
899
901
901
863
870
837
896
787
732
812
732
713
730
692
708
723
661
667
691
605
620
614
615
583
568
582
593
579
553
539
522
532
531
485
516
519
513
495
485
477
478
478
461
457
471
466
458
450
403
430
411
424
455
434
432
411
439
372
388
386
392
372
398
419
387
394
384
371
390
384
375
364
404
374
379
380
368
355
361
374
370
334
403
343
342
333
335
340
364
335
353
365
345
332
319
341
321
346
325
363
329
333
366
307
309
310
283
294
341
321
281
250
262
283
263
265
256
252
250
265
225
226
284
212
247
227
217
228
201
198
198
198
199
192
201
201
198
203
197
204
162
202
165
184
162
184
192
169
200
195
171
161
181
159
168
157
166
173
162
182
195
166
164
163
168
156
182
172
182
194
154
224
165
179
189
179
196
196
214
213
217
236
285
253
278
262
300
312
315
358
347
401
415
422
459
486
513
525
557
564
571
661
669
680
703
770
794
831
808
793
766
797
771
740
727
714
698
667
656
599
573
511
465
461
418
395
375
313
329
245
250
222
194
189
164
135
124
110
87
78
59
57
51
35
57
36
35
40
40
25
28
17
27
11
18
20
26
22
22
15
17
22
18
19
12
16
17
15
16
17
26
21
13
14
14
16
11
16
27
16
14
18
24
12
13
20
11
16
21
17
23
15
14
10
12
14
25
18
13
20
16
15
16
18
16
26
20
6
14
17
23
11
20
14
21
25
20
19
22
16
14
29
19
17
13
14
13
16
29
24
18
17
22
13
22
13
20
8
22
13
20
16
12
19
13
22
17
12
11
17
16
26
12
13
10
19
19
13
16
16
16
14
17
8
21
12
10
15
10
10
11
10
11
11
13
16
11
14
16
15
6
8
6
12
12
13
11
9
8
9
8
17
11
16
15
9
19
8
6
6
3
14
5
16
8
12
7
11
13
12
10
12
10
11
19
8
10
10
18
10
11
7
18
13
11
15
7
8
16
6
7
11
5
7
8
8
9
12
12
4
8
6
13
10
12
13
11
6
11
4
6
12
3
14
9
6
7
9
7
7
8
7
7
11
6
3
4
9
10
11
13
5
9
3
7
11
3
3
11
6
5
15
8
8
7
7
9
9
7
2
9
3
5
6
4
6
7
3
7
5
5
7
5
10
4
7
9
8
5
5
4
5
3
2
2
5
10
2
3
3
5
4
2
3
4
8
2
7
7
2
6
2
3
4
2
4
6
5
5
3
2
4
7
4
10
6
3
7
7
8
3
3
5
9
6
6
4
5
8
4
7
9
10
7
12
9
5
10
9
12
14
6
10
10
18
14
16
8
13
14
6
7
8
8
14
11
11
17
10
10
7
10
19
13
10
10
10
16
6
8
21
8
9
7
4
10
9
5
7
10
8
5
4
6
8
7
6
8
8
2
6
10
5
6
8
3
6
5
7
1
8
7
6
7
6
2
1
2
5
2
3
3
4
2
5
0
5
2
1
3
1
3
3
2
3
4
2
2
3
0
4
1
3
5
4
3
4
2
3
2
2
0
1
1
1
3
0
1
3
4
1
1
3
1
2
1
1
2
5
3
2
4
2
0
2
2
2
4
3
1
1
2
0
3
1
1
4
1
1
4
2
3
0
2
4
2
2
2
2
4
5
3
1
1
0
3
1
0
1
2
1
2
4
2
5
2
1
4
0
0
2
0
0
1
1
3
2
4
2
5
0
1
2
1
2
1
3
1
0
1
1
0
6
1
1
1
2
3
1
2
2
4
1
5
3
1
3
0
3
1
4
3
4
7
5
2
3
3
0
1
4
8
5
3
3
4
3
10
5
3
7
5
7
4
9
2
4
5
4
6
4
4
6
12
5
12
8
8
9
9
11
5
10
8
7
9
4
4
6
5
3
4
6
4
7
6
5
3
3
4
1
11
3
4
6
5
6
7
7
4
4
6
5
5
7
8
8
13
9
12
8
10
8
5
2
3
3
2
6
4
1
3
0
0
2
0
1
0
1
0
0
2
0
0
0
2
1
1
0
0
1
1
2
3
1
9
18
20
53
33
0
0
0
0
0
0
0
0
0
0
0
0
0
0
0
0
