SpectrumID=SampleSpec
Time=11-04-2022 18:08:01
DeadTime(%)=1.19
LiveTime=250
RealTime=253
Channels=0 1023
0
0
0
0
0
0
0
0
0
0
0
0
0
0
0
0
0
0
0
0
0
0
0
0
0
0
0
0
0
0
0
0
0
0
0
0
2
1
0
0
0
3
3
5
8
7
11
14
23
28
27
53
96
177
328
516
580
656
733
1000
1009
1057
1103
1216
1229
1366
1291
1342
1267
1173
1292
1261
1207
1293
1240
1228
1194
1181
1139
1124
1133
1068
1064
1082
1061
968
1023
1012
980
998
988
978
950
1041
891
968
991
919
919
952
945
911
886
843
895
821
822
804
775
760
768
792
767
732
721
690
709
651
626
637
609
583
655
623
593
581
556
520
545
598
516
496
524
530
458
505
473
508
442
463
481
446
426
439
435
413
382
395
372
428
371
359
392
347
399
348
340
408
366
355
338
349
355
390
337
365
318
308
309
307
322
287
319
298
301
310
333
320
289
322
310
299
279
320
266
314
275
298
275
279
300
298
285
260
281
281
305
267
277
250
284
275
255
269
282
262
258
249
262
250
227
225
247
228
239
237
249
229
237
244
216
218
242
252
229
215
199
203
183
182
194
180
191
169
212
193
200
186
214
171
171
205
178
194
170
154
166
177
169
183
187
153
165
158
167
159
160
175
160
148
147
151
163
156
166
157
166
129
162
156
153
152
131
160
160
143
143
157
171
168
162
168
154
168
179
182
164
174
180
179
195
200
220
221
190
199
194
254
272
262
268
311
273
333
364
344
350
389
357
397
417
377
436
415
451
417
455
402
446
444
431
413
451
425
399
374
344
312
294
308
285
239
250
211
190
141
160
154
116
118
122
96
87
65
68
68
60
48
49
41
37
34
34
32
24
27
23
31
19
18
25
21
17
16
10
18
12
17
17
18
13
18
26
28
20
18
15
18
21
17
17
15
22
15
17
20
13
19
12
18
14
6
12
16
18
13
15
19
9
16
9
15
11
22
11
13
8
17
18
11
16
12
24
23
15
13
14
12
11
16
14
18
19
16
19
15
18
15
17
18
16
13
11
10
14
13
13
19
18
20
12
15
11
9
14
12
20
14
19
28
17
15
13
16
13
14
19
12
18
17
13
17
16
16
17
12
16
11
21
10
11
15
8
17
10
12
11
15
8
13
7
12
9
10
16
8
15
16
9
12
4
15
13
15
15
18
13
12
4
11
9
7
13
5
13
12
6
8
4
10
8
11
9
6
9
12
6
9
7
10
17
7
10
5
7
7
8
7
7
4
11
11
10
6
8
11
9
11
7
11
16
6
14
11
11
8
12
7
5
6
11
11
9
13
8
10
16
9
9
11
8
7
2
6
8
5
11
7
3
9
14
10
5
10
7
7
5
9
8
8
5
8
12
8
12
10
7
6
10
4
4
10
6
7
9
10
7
3
6
9
4
4
5
7
1
6
7
7
6
6
9
4
2
5
9
3
4
8
2
7
5
5
7
5
4
7
4
3
6
4
4
7
4
7
5
5
2
6
1
4
2
10
4
4
4
4
6
4
9
5
4
6
12
7
6
6
6
9
6
10
10
12
5
6
5
6
8
7
6
5
10
4
13
5
7
12
10
9
7
8
11
11
9
12
9
13
9
6
16
14
9
9
14
13
9
12
10
11
17
13
14
10
14
8
12
9
11
15
11
11
6
10
7
7
6
7
5
4
6
4
6
6
9
2
5
2
5
5
5
8
11
8
3
6
1
4
2
6
2
1
3
3
6
2
2
1
3
4
2
4
2
2
4
3
3
7
3
5
3
2
0
2
2
1
3
2
3
2
3
3
1
1
3
3
2
2
3
1
0
4
1
2
2
3
2
1
2
1
3
2
1
2
4
1
0
0
3
1
1
2
0
1
5
1
1
3
4
3
3
1
1
2
4
1
3
3
1
0
4
1
2
2
6
1
3
1
1
1
1
0
0
1
1
5
1
3
3
1
1
0
3
0
1
2
3
1
0
1
2
4
1
4
3
4
4
1
3
1
3
0
3
0
2
2
4
1
2
0
3
1
2
1
2
4
2
2
1
4
1
0
1
4
3
1
0
3
0
4
2
2
4
8
3
1
5
5
7
5
4
4
4
4
2
5
2
6
3
3
4
6
6
5
4
7
7
4
6
13
2
5
6
11
8
5
4
5
11
5
7
9
9
6
9
8
7
7
7
4
10
4
5
7
6
6
7
4
4
6
1
4
1
6
4
11
2
3
5
1
2
7
6
6
5
8
10
10
6
6
4
6
3
6
3
5
2
0
2
2
1
0
1
0
0
3
1
0
0
0
0
0
0
0
1
0
0
0
1
2
0
2
1
1
2
5
15
16
25
48
0
0
0
0
0
0
0
0
0
0
0
0
0
0
0
0
