SpectrumID=SampleSpec
Time=11-04-2022 17:13:18
DeadTime(%)=0.79
LiveTime=250
RealTime=252
Channels=0 1023
0
0
0
0
0
0
0
0
0
0
0
0
0
0
0
0
0
0
0
0
0
0
0
0
0
0
0
0
0
0
0
0
0
0
0
0
0
1
3
2
5
1
4
10
11
14
15
28
33
26
47
74
123
224
344
553
579
704
776
949
1022
1057
1182
1271
1332
1282
1484
1403
1308
1387
1337
1399
1261
1454
1327
1331
1271
1322
1278
1264
1253
1258
1241
1172
1201
1202
1170
1162
1147
1195
1160
1213
1170
1208
1223
1184
1225
1155
1176
1147
1165
1114
1184
1052
1055
1013
1105
970
997
980
1000
968
1011
914
890
898
897
832
820
874
805
757
737
788
773
775
752
731
682
711
619
625
682
625
645
605
612
593
597
587
577
591
574
604
536
557
544
515
494
499
478
532
493
459
458
482
463
490
491
490
479
469
473
430
462
460
453
465
411
431
462
474
405
436
451
406
408
393
423
383
422
426
424
405
392
404
408
376
416
412
400
382
392
390
395
433
408
397
359
403
351
370
396
349
351
383
385
364
360
361
362
339
335
317
380
305
307
324
314
319
305
319
298
277
281
283
257
276
283
231
224
248
224
224
225
235
217
224
194
218
185
192
173
191
181
220
167
196
192
181
198
159
199
198
165
189
189
174
178
195
177
169
182
169
176
166
194
183
157
186
169
173
154
171
169
191
194
196
183
212
200
213
200
207
212
256
205
252
251
276
263
270
313
300
334
376
363
409
412
433
499
489
511
617
637
665
663
748
768
759
872
916
916
936
950
1045
1005
984
948
995
1015
965
975
961
886
877
861
777
724
696
677
605
550
465
489
387
404
362
289
297
222
203
184
176
136
102
115
122
89
71
65
64
48
41
53
34
38
26
33
28
27
15
20
23
31
25
23
26
17
22
30
28
27
18
20
20
13
25
23
17
22
24
16
19
16
23
16
14
20
23
27
25
23
18
11
21
24
17
14
18
15
14
16
13
18
20
19
27
16
15
12
12
14
20
17
17
19
8
18
12
10
14
19
26
21
15
17
22
19
17
16
19
17
22
15
18
16
14
20
22
15
17
11
19
11
17
18
10
18
20
16
23
17
26
28
15
12
14
9
17
12
11
15
19
10
14
21
12
13
12
13
10
16
18
17
9
10
14
14
22
9
13
18
12
20
12
5
16
8
7
9
6
11
17
8
10
14
9
7
11
8
15
12
12
9
12
11
8
12
8
6
13
10
9
9
14
8
6
17
14
9
10
10
14
10
9
14
13
7
9
11
6
8
5
10
14
7
14
10
13
7
13
15
5
4
11
13
5
10
12
6
7
6
8
9
7
5
12
8
8
8
9
13
8
13
5
6
8
8
7
13
6
10
8
10
8
13
11
9
4
6
3
5
9
4
5
7
6
8
4
9
7
10
3
4
7
8
8
6
5
4
6
4
5
3
8
7
15
4
4
7
5
5
7
6
9
3
10
5
7
10
5
6
7
6
10
4
7
6
2
6
3
8
5
6
5
7
11
5
5
3
6
9
3
6
5
5
8
7
5
5
8
6
6
8
6
7
6
5
8
9
5
8
6
3
11
11
10
6
10
2
8
7
8
9
8
13
11
6
15
11
7
15
5
12
11
12
18
13
8
20
18
14
9
14
15
7
11
13
10
9
15
20
14
13
15
14
10
10
13
15
9
8
6
19
13
11
6
3
7
5
3
6
8
1
5
8
10
4
4
5
6
7
4
6
4
7
2
3
1
4
4
4
4
2
4
6
3
3
1
4
5
3
2
1
6
2
6
1
1
1
2
0
1
2
1
1
5
1
2
2
1
1
5
3
0
4
3
3
1
2
1
0
0
1
0
0
3
1
5
3
1
1
5
3
3
4
2
2
3
3
2
0
5
1
1
1
2
1
2
2
0
3
3
3
3
1
3
1
1
2
1
1
1
2
1
1
2
1
3
3
0
2
1
0
1
5
4
0
0
3
4
0
5
1
1
1
2
2
2
2
0
3
0
0
3
1
1
0
3
3
3
1
3
3
2
1
4
3
2
0
2
3
0
0
2
1
1
1
2
2
1
2
1
1
3
2
2
1
1
5
4
1
1
6
1
3
4
1
2
5
2
4
2
5
5
7
2
3
6
3
4
5
4
3
5
5
6
4
4
7
8
12
10
8
7
9
11
5
7
4
7
6
5
5
13
6
10
7
7
2
5
9
6
5
2
4
6
5
7
2
5
5
7
4
2
0
6
3
3
9
9
4
4
10
11
2
14
12
9
6
8
4
7
2
3
0
1
0
0
1
2
1
1
0
1
0
0
0
0
0
0
1
1
0
0
0
0
0
1
0
2
2
1
6
17
19
77
0
0
0
0
0
0
0
0
0
0
0
0
0
0
0
0
