SpectrumID=SampleSpec
Time=11-04-2022 17:54:25
DeadTime(%)=0.79
LiveTime=250
RealTime=252
Channels=0 1023
0
0
0
0
0
0
0
0
0
0
0
0
0
0
0
0
0
0
0
0
0
0
0
0
0
0
0
0
0
0
0
0
0
0
1
1
1
2
0
3
3
5
7
7
8
14
16
12
27
40
44
47
103
191
342
494
590
690
786
951
984
981
1126
1253
1204
1323
1396
1345
1359
1305
1359
1344
1260
1288
1215
1291
1224
1184
1171
1179
1147
1133
1035
1083
1136
1099
1084
1081
1065
1025
1033
962
1048
1021
1056
1052
998
1008
1005
991
972
943
902
919
859
868
883
827
790
844
780
802
720
743
713
749
750
734
655
683
693
641
660
619
659
620
590
575
586
577
506
536
555
524
565
503
513
471
490
460
479
453
505
413
423
451
420
419
460
393
411
440
416
405
410
372
366
403
398
361
373
363
388
346
351
370
352
320
309
367
327
319
340
358
329
330
333
324
319
338
316
309
304
297
349
334
310
295
332
331
304
271
325
320
294
300
317
365
307
260
292
287
286
277
286
275
291
295
297
265
298
260
296
233
295
272
273
257
248
249
253
247
241
238
223
209
228
237
216
221
198
216
234
175
185
192
197
191
188
163
188
178
200
171
174
197
161
157
149
188
192
186
155
166
170
157
152
170
158
163
177
153
178
148
159
163
156
171
147
171
150
164
155
167
161
179
159
196
163
181
181
190
148
161
204
184
186
205
203
201
222
218
226
213
251
232
265
310
287
301
311
306
336
361
370
420
430
441
458
504
500
492
506
550
570
536
567
550
540
556
530
547
556
485
479
450
427
415
404
391
369
339
271
281
222
252
206
180
161
145
128
105
84
97
98
60
69
57
53
35
41
37
38
35
34
36
23
24
21
23
23
13
14
15
23
19
14
20
21
25
22
19
23
22
25
20
19
18
18
19
13
18
16
23
7
19
14
26
16
19
18
14
18
14
15
12
13
24
25
18
20
15
16
11
16
9
23
14
10
17
7
25
13
11
16
11
10
21
16
16
17
19
20
16
15
13
16
16
13
20
14
12
12
15
8
18
15
19
21
24
14
16
14
14
15
13
23
15
17
17
14
14
18
9
12
21
12
17
15
17
16
16
18
16
21
18
13
9
17
13
14
9
13
9
14
16
14
8
15
11
13
14
21
8
7
10
12
8
7
10
9
10
8
14
15
6
16
18
10
8
8
13
14
9
12
7
14
15
6
6
7
12
10
11
10
7
5
5
9
9
6
10
6
11
9
10
15
12
12
7
13
9
10
8
8
10
7
12
9
18
11
12
8
10
8
10
14
12
6
7
10
10
14
9
4
11
7
4
9
7
9
10
7
6
10
7
11
11
11
9
8
7
7
11
7
5
3
7
7
13
7
8
8
6
13
9
6
4
8
8
6
4
7
4
7
5
5
5
3
5
9
6
5
1
2
5
5
2
5
4
4
6
6
5
6
3
9
10
5
5
6
4
4
7
5
6
8
8
8
6
6
3
6
8
1
5
4
4
7
3
7
5
8
3
5
5
3
3
10
5
7
8
6
2
3
4
9
6
10
7
5
14
9
6
6
4
7
11
5
12
8
10
14
7
7
11
9
8
8
13
9
11
13
14
11
12
10
13
10
15
14
14
12
19
13
20
15
13
6
5
6
14
9
10
18
10
8
8
8
12
8
3
11
10
4
5
12
9
9
6
12
8
4
4
4
3
5
9
4
3
3
3
6
3
4
4
2
5
2
5
2
3
1
7
3
5
4
6
5
3
4
6
5
4
1
3
1
3
4
2
4
3
3
4
0
2
6
1
2
2
2
4
2
4
2
3
1
0
2
0
2
4
3
1
2
2
2
1
2
4
1
4
3
0
2
3
1
1
1
4
0
3
3
3
0
2
1
3
3
2
2
2
0
0
2
5
2
3
2
2
3
5
3
1
1
1
2
4
1
0
0
0
1
0
4
3
2
2
1
2
0
2
2
1
3
1
0
2
3
1
1
4
3
4
0
0
2
1
3
1
4
5
0
1
0
3
3
2
3
5
2
2
2
2
2
2
1
2
3
1
2
2
4
4
3
0
4
7
1
4
4
2
4
3
2
5
1
5
4
2
5
5
3
2
8
5
3
9
5
2
7
6
4
8
7
8
8
4
5
15
4
5
4
6
7
8
11
9
8
6
4
6
8
9
5
9
5
4
6
6
3
4
6
3
1
5
3
3
7
2
6
4
3
1
5
4
3
6
2
5
6
7
3
9
11
9
6
11
5
8
4
5
3
3
5
4
0
1
0
0
2
0
1
0
2
1
0
0
0
0
1
1
2
0
0
1
0
0
1
2
1
3
5
9
23
15
57
3
0
0
0
0
0
0
0
0
0
0
0
0
0
0
0
0
