SpectrumID=SampleSpec
Time=11-04-2022 16:56:59
DeadTime(%)=1.19
LiveTime=250
RealTime=253
Channels=0 1023
0
0
0
0
0
0
0
0
0
0
0
0
0
0
0
0
0
0
0
0
0
0
0
0
0
0
0
0
0
0
0
0
0
0
0
0
0
1
2
4
2
11
3
16
15
13
16
27
29
34
45
50
104
198
342
476
543
638
798
932
1008
1092
1106
1199
1300
1340
1359
1307
1378
1339
1386
1364
1299
1283
1332
1361
1320
1249
1221
1222
1247
1245
1263
1241
1257
1229
1239
1259
1144
1197
1182
1206
1238
1249
1221
1242
1252
1193
1200
1286
1207
1158
1168
1163
1143
1109
1078
1117
1051
1046
1025
1003
1015
1009
997
981
961
931
859
862
867
859
897
851
814
794
766
759
705
743
701
663
684
730
672
629
661
673
643
595
643
598
609
614
618
554
564
547
585
556
537
516
537
521
520
522
529
572
505
511
459
485
500
518
476
526
480
491
517
470
446
479
431
486
455
453
474
464
434
435
455
445
423
436
422
400
454
448
482
429
459
443
444
424
407
443
436
427
399
407
400
402
377
400
422
392
357
391
387
353
379
370
356
357
384
351
355
347
347
342
328
306
320
295
275
278
255
270
242
248
253
220
221
210
205
223
189
182
209
219
202
183
170
204
162
174
174
164
168
156
141
158
144
152
155
136
157
145
166
133
145
143
141
145
160
145
131
150
166
151
138
166
177
158
180
165
162
183
194
175
190
194
194
229
227
233
214
272
248
281
309
299
321
350
366
353
432
446
449
512
559
575
653
672
783
808
809
913
987
941
1074
1080
1072
1192
1247
1266
1242
1268
1291
1219
1290
1191
1253
1186
1121
1087
1091
964
921
889
816
733
741
606
606
559
472
468
387
332
300
298
263
222
189
176
139
141
107
100
76
63
72
54
40
39
31
40
45
25
38
26
25
28
22
23
24
15
30
25
15
27
16
21
18
20
23
21
26
23
19
16
12
14
17
10
19
16
16
18
21
24
14
17
23
12
16
22
13
27
17
19
14
17
12
16
11
21
12
15
14
20
16
13
16
20
10
16
14
15
15
15
14
17
16
18
22
12
19
19
12
21
16
18
12
19
16
14
14
16
19
12
16
13
21
16
23
22
19
17
18
12
20
9
15
17
19
15
17
19
12
15
24
16
15
19
8
19
9
13
9
14
13
10
19
8
13
10
23
15
12
6
18
13
14
13
15
11
6
10
8
13
9
16
10
8
12
12
11
14
13
15
12
13
14
13
12
9
7
12
11
10
14
9
10
13
10
9
18
11
12
13
17
14
6
12
7
12
8
9
5
16
6
6
9
13
14
12
6
10
10
6
12
7
7
6
5
12
12
15
10
10
15
10
12
8
9
8
14
11
8
10
10
12
9
15
10
10
12
4
10
6
5
5
6
5
11
5
13
7
6
9
4
4
7
5
5
16
7
9
10
7
9
5
14
9
15
5
4
9
5
3
6
11
10
4
4
5
4
8
3
6
8
3
7
7
5
5
7
5
5
4
11
7
11
6
7
4
11
6
4
4
4
3
7
4
6
4
4
4
6
8
9
4
5
4
6
6
3
2
4
6
2
9
5
2
5
7
10
11
6
7
8
10
5
10
5
5
7
8
7
6
3
7
4
15
6
12
11
13
12
11
12
13
11
13
12
7
18
9
17
12
8
13
12
20
13
16
8
11
13
18
13
10
12
11
14
8
11
16
12
5
12
7
6
15
8
6
8
9
4
7
6
13
6
6
5
8
5
5
5
5
6
3
3
6
2
2
3
3
4
1
3
2
5
3
4
12
2
1
6
2
1
3
3
4
1
2
8
0
4
3
2
2
4
2
1
5
3
3
5
4
4
3
2
3
3
6
1
1
2
1
1
4
2
1
3
1
3
1
2
4
2
1
3
0
3
0
3
3
1
3
0
0
0
2
3
3
1
1
2
4
2
6
1
1
1
1
2
1
1
2
2
1
1
1
0
3
2
2
0
2
2
1
2
1
1
2
3
3
1
3
3
2
1
1
0
3
0
2
1
8
1
2
3
0
1
2
1
0
1
1
0
1
3
0
1
1
1
3
1
0
2
2
3
2
2
3
0
1
3
4
3
1
4
4
2
3
2
2
2
3
2
4
4
4
4
2
2
7
4
4
4
2
5
1
4
7
3
3
3
9
1
4
3
8
6
7
6
8
9
12
5
6
10
8
5
4
6
9
12
12
5
11
11
6
9
5
3
8
6
4
7
7
3
3
2
2
6
10
4
2
7
5
5
4
0
1
8
3
9
6
14
10
12
8
8
9
4
4
6
4
8
0
6
5
2
3
0
2
1
1
0
1
1
0
0
1
2
0
1
0
0
0
1
1
0
0
2
1
1
1
8
1
5
18
11
54
0
0
0
0
0
0
0
0
0
0
0
0
0
0
0
0
