SpectrumID=SampleSpec
Time=11-04-2022 18:21:56
DeadTime(%)=0.79
LiveTime=250
RealTime=252
Channels=0 1023
0
0
0
0
0
0
0
0
0
0
0
0
0
0
0
0
0
0
0
0
0
0
0
0
0
0
0
0
0
0
0
0
0
0
0
0
0
0
0
0
2
2
6
5
5
14
14
10
16
22
29
34
97
171
295
430
588
672
811
891
995
1010
1119
1192
1247
1250
1286
1270
1268
1230
1169
1242
1267
1209
1200
1166
1182
1105
1117
1116
1093
1037
1069
1054
1103
1001
1001
1049
954
985
962
962
950
934
895
903
848
886
886
926
876
833
870
816
797
794
794
762
715
722
678
718
698
706
684
666
649
607
617
657
631
589
612
581
524
564
549
555
507
519
501
513
481
466
478
470
469
426
464
435
452
417
399
411
395
386
382
335
381
391
368
369
350
395
378
329
322
336
340
311
334
312
321
325
327
295
293
273
323
329
313
286
272
298
304
313
303
258
264
267
284
265
293
283
295
270
246
248
267
253
244
242
274
244
260
261
267
261
280
271
255
220
232
225
231
227
214
225
263
230
242
229
248
203
209
220
215
216
218
200
206
210
195
209
191
198
184
184
192
181
185
186
186
191
186
193
169
171
165
169
183
162
189
178
142
180
163
151
153
160
191
137
147
159
156
135
134
162
132
142
145
137
134
159
150
141
143
151
146
137
159
146
152
151
131
122
156
170
135
144
148
135
157
161
163
139
169
154
140
158
184
172
166
183
181
198
189
195
200
228
246
234
217
249
287
296
298
318
318
328
333
350
376
346
369
360
369
367
331
366
345
353
322
349
291
304
281
271
241
240
228
216
187
178
169
154
138
120
107
92
103
68
72
68
70
55
60
39
36
33
31
34
23
29
25
15
25
33
21
26
15
21
29
22
13
28
14
24
15
21
17
20
21
21
10
22
17
14
22
14
27
17
18
17
20
18
19
15
19
16
24
14
12
20
11
13
12
18
15
17
15
20
19
19
16
9
13
15
14
20
10
18
16
17
15
27
16
15
15
12
16
11
17
12
9
9
10
21
13
22
13
14
24
23
23
15
13
18
23
21
18
19
16
22
11
15
12
18
16
18
18
17
13
21
13
16
13
12
22
24
15
16
16
12
18
16
20
17
19
10
10
11
14
21
10
10
9
9
12
11
11
10
14
12
7
17
8
11
12
6
8
10
11
6
7
10
13
12
13
15
16
14
14
13
11
9
8
8
7
8
7
13
12
10
6
12
7
8
13
5
6
11
4
10
8
10
11
9
13
11
8
9
4
10
9
8
8
12
14
11
7
3
12
10
6
10
12
6
12
7
7
8
9
5
13
11
18
7
14
9
8
11
9
6
13
10
10
6
5
15
11
10
4
9
3
11
9
4
8
8
7
3
6
9
7
3
14
7
5
5
8
8
5
11
4
8
10
4
5
5
6
3
2
3
7
6
6
7
2
6
3
4
2
4
11
12
8
3
3
3
5
4
6
3
2
6
6
4
6
4
9
3
2
6
6
5
4
7
5
3
3
4
6
6
6
5
2
12
6
9
3
4
6
6
3
7
6
7
5
10
8
3
7
6
6
7
7
4
5
7
4
6
11
9
13
6
14
13
6
17
10
12
7
6
8
16
11
11
12
10
17
12
10
16
12
13
15
15
14
12
14
11
9
14
14
17
9
5
9
14
7
11
7
13
10
16
5
9
6
10
5
4
1
4
8
13
2
3
4
3
5
2
2
7
5
3
4
1
4
0
3
2
3
0
5
2
6
3
5
3
3
1
0
4
6
6
1
4
3
4
2
5
3
4
1
3
2
8
2
5
0
3
3
2
3
3
0
6
6
2
4
1
4
5
2
2
1
1
1
1
1
0
3
2
1
3
2
1
1
2
3
3
1
1
1
1
0
4
1
1
0
5
1
1
2
1
2
2
3
1
2
3
3
4
4
2
0
1
4
2
0
2
1
1
2
2
2
3
2
3
3
5
3
3
1
2
1
6
6
1
4
0
1
1
2
0
2
3
1
3
1
3
2
3
2
2
1
0
3
2
1
0
0
3
2
3
3
2
4
3
1
0
3
2
2
3
3
4
5
1
2
3
5
5
4
5
3
1
2
9
4
2
6
5
7
4
4
4
8
1
2
5
4
7
8
3
10
14
8
6
8
6
8
9
1
9
8
3
12
4
1
5
9
7
5
7
4
5
7
11
8
5
10
4
4
8
5
4
6
3
5
2
3
5
6
3
2
5
4
6
8
8
10
4
8
6
9
10
7
3
3
4
1
1
3
3
2
1
2
0
0
0
1
0
0
2
1
0
0
1
0
1
0
3
0
1
1
0
1
1
0
3
4
3
17
19
61
4
0
0
0
0
0
0
0
0
0
0
0
0
0
0
0
0
