SpectrumID=SampleSpec
Time=11-04-2022 17:21:53
DeadTime(%)=1.19
LiveTime=250
RealTime=253
Channels=0 1023
0
0
0
0
0
0
0
0
0
0
0
0
0
0
0
0
0
0
0
0
0
0
0
0
0
0
0
0
0
0
0
0
0
0
0
0
0
1
0
0
2
1
12
9
11
13
20
24
25
34
42
59
112
209
352
531
562
657
870
984
1070
1086
1185
1260
1311
1427
1329
1386
1376
1361
1399
1414
1354
1421
1301
1289
1250
1329
1195
1232
1309
1241
1281
1243
1169
1187
1266
1213
1199
1258
1196
1173
1205
1188
1170
1220
1153
1202
1202
1139
1204
1164
1226
1095
1060
1159
1089
1071
1039
1006
991
1010
987
959
928
916
979
917
858
851
799
813
797
786
749
766
770
742
733
712
664
679
654
650
595
645
633
618
584
603
628
558
614
580
540
553
568
521
535
499
534
548
521
511
496
479
490
540
496
481
500
493
465
466
472
476
458
433
464
483
461
460
454
455
431
499
450
435
432
419
411
440
375
442
455
423
397
450
429
412
396
405
426
404
412
385
423
399
392
398
427
425
392
401
398
371
385
387
385
361
348
357
332
323
330
320
315
288
324
316
311
298
281
295
273
291
269
276
246
264
221
237
257
224
199
232
199
224
212
208
198
204
211
184
177
204
161
168
169
166
200
200
180
170
193
177
156
169
160
150
154
133
153
151
164
170
172
160
150
151
182
177
168
167
170
183
181
190
181
195
207
221
213
229
241
246
236
249
258
275
282
274
304
330
373
411
429
409
454
533
560
557
663
673
750
694
724
816
897
880
930
960
1056
1053
1124
1054
1158
1133
1137
1139
1104
1134
1102
1096
994
1041
896
871
852
776
715
638
586
582
529
494
412
353
343
290
250
257
210
176
185
153
141
88
68
85
68
51
51
46
47
29
43
38
36
36
25
22
35
28
20
23
18
25
19
18
19
20
26
25
20
12
21
16
22
19
17
17
17
21
25
23
16
11
24
12
11
17
25
12
17
12
12
8
17
13
13
22
18
12
15
19
17
18
15
16
17
15
15
13
14
15
26
19
19
7
20
17
25
17
17
25
9
11
16
19
24
12
21
28
13
24
23
24
15
18
22
13
19
19
13
22
16
14
18
17
13
12
18
17
20
18
7
19
13
22
14
13
13
15
10
14
12
16
11
12
21
16
16
14
10
20
13
18
14
10
11
4
9
16
12
10
14
12
14
10
13
10
13
16
8
12
12
12
7
16
8
11
9
13
8
10
4
16
12
9
10
18
15
6
9
12
10
8
15
7
11
11
9
12
14
14
7
13
12
12
10
15
9
11
15
8
15
9
18
12
8
3
10
8
10
12
10
16
7
14
8
8
8
9
13
7
6
8
7
11
6
5
10
12
5
5
11
7
5
9
6
7
10
4
4
7
10
10
5
3
4
9
11
7
5
4
8
6
4
4
4
9
8
4
6
7
6
3
6
6
7
3
4
6
6
8
4
8
2
5
5
6
7
5
7
8
6
1
5
4
7
10
8
5
5
3
6
5
4
5
4
5
3
10
6
6
5
6
3
6
7
2
6
5
9
3
5
9
5
4
9
3
7
8
6
6
7
6
8
9
7
4
5
8
12
6
2
5
8
9
13
7
12
8
6
11
11
10
7
5
9
10
9
13
9
13
13
8
8
15
12
14
20
12
17
15
8
12
12
11
7
9
8
11
6
14
11
17
5
11
10
5
3
11
8
8
12
5
6
3
12
6
9
5
7
9
6
6
12
4
9
5
4
7
1
5
7
5
2
5
0
4
7
3
2
3
4
5
4
5
1
2
4
2
4
4
2
1
2
4
4
1
1
4
3
1
3
2
2
3
1
3
6
1
0
3
2
4
2
0
3
0
1
1
2
4
2
1
1
2
2
6
3
1
3
1
2
0
1
2
4
2
1
2
3
2
2
5
0
3
2
0
0
3
2
4
0
2
5
0
2
3
2
7
1
2
1
3
2
2
2
1
2
0
2
2
1
4
3
2
1
1
4
2
2
2
1
0
2
1
0
0
2
1
4
1
0
2
1
2
4
4
2
1
2
1
2
1
2
1
0
1
3
1
0
0
2
1
1
0
1
2
3
6
3
0
3
1
2
1
2
1
2
3
1
1
1
4
1
2
3
2
4
8
3
1
2
4
1
7
6
4
5
8
8
7
5
7
5
3
6
7
11
3
7
7
7
9
13
9
2
7
7
4
5
11
8
9
5
4
4
10
7
9
6
2
6
2
3
3
4
2
1
2
1
6
3
2
8
9
9
8
4
9
7
13
13
13
10
4
6
1
3
5
5
3
1
1
3
0
2
0
0
0
0
1
0
0
0
2
1
0
1
0
1
1
1
0
1
1
1
1
0
3
8
10
9
57
0
0
0
0
0
0
0
0
0
0
0
0
0
0
0
0
