SpectrumID=SampleSpec
Time=11-04-2022 17:41:13
DeadTime(%)=0.79
LiveTime=250
RealTime=252
Channels=0 1023
0
0
0
0
0
0
0
0
0
0
0
0
0
0
0
0
0
0
0
0
0
0
0
0
0
0
0
0
0
0
0
0
0
0
2
0
0
1
1
1
1
5
4
10
9
7
12
15
27
31
45
60
112
196
319
503
593
654
778
992
1031
1132
1227
1298
1289
1344
1401
1352
1368
1355
1348
1312
1267
1290
1238
1286
1218
1248
1196
1169
1178
1145
1183
1173
1143
1145
1138
1114
1093
1127
1102
1111
1081
1079
1136
1092
1092
1069
1041
1041
1024
965
1007
982
990
892
939
898
910
893
829
816
826
808
833
827
766
784
681
781
730
723
714
715
695
689
700
642
649
574
580
593
545
570
541
545
521
570
534
525
511
537
510
517
496
457
473
460
471
462
435
425
447
441
459
444
403
416
437
410
429
426
388
391
385
390
388
372
360
404
438
401
394
336
360
353
374
367
359
321
371
342
346
354
348
364
351
365
351
330
330
342
333
354
346
315
322
334
318
323
318
367
298
317
306
324
332
333
287
311
330
309
297
293
310
269
298
299
271
284
281
232
262
246
236
257
258
228
238
233
215
212
204
229
190
188
208
203
197
200
184
200
186
167
186
208
184
200
197
196
182
190
172
168
184
179
160
169
189
151
181
177
187
168
165
181
177
161
185
147
168
157
178
169
172
172
173
196
172
175
194
192
195
201
208
206
201
219
198
228
235
270
257
260
276
311
312
301
372
357
403
410
406
438
506
475
534
533
560
563
609
644
633
652
671
699
716
708
693
677
689
665
649
618
621
584
523
559
550
445
432
390
391
356
301
295
263
222
213
181
202
136
118
112
102
76
80
67
52
59
31
36
52
32
33
28
35
22
21
25
29
23
19
30
17
18
20
19
19
16
26
17
18
15
15
12
19
10
17
16
19
21
20
13
12
23
8
24
18
22
15
9
16
17
21
8
12
19
20
10
15
17
21
13
28
21
16
15
14
14
15
20
13
11
16
14
13
14
9
19
9
14
16
19
18
17
19
16
17
21
8
22
11
15
17
16
18
15
14
15
18
18
23
14
21
16
19
11
24
15
23
19
11
17
13
13
12
19
15
17
23
22
8
15
18
16
16
11
22
13
13
11
9
15
14
11
9
22
11
12
16
12
15
19
14
6
9
16
8
9
19
9
20
11
11
9
12
4
9
10
8
12
15
8
14
11
13
9
12
12
4
6
5
4
12
9
13
6
10
13
8
7
8
13
8
15
8
9
8
11
6
8
9
6
10
12
13
5
9
7
9
9
8
10
9
12
12
5
8
10
2
3
15
10
8
5
4
4
9
6
8
6
8
5
8
8
13
6
7
14
7
9
12
10
7
6
10
10
13
4
13
8
11
4
5
15
7
3
4
5
6
7
7
3
10
8
9
9
7
5
7
6
4
4
6
10
8
5
6
10
8
8
5
5
2
7
9
5
2
2
6
3
7
4
8
5
9
4
5
2
4
6
3
3
6
3
6
5
5
9
2
5
4
8
4
9
5
4
5
5
6
6
4
5
8
10
6
8
6
4
6
9
5
7
9
4
3
6
10
7
10
8
9
8
12
12
9
7
7
14
9
10
7
10
11
10
13
16
14
5
15
7
10
12
5
11
8
12
10
12
11
14
16
6
11
14
6
11
14
9
9
6
16
8
11
7
3
7
7
9
7
7
6
2
5
7
4
1
12
5
2
4
1
3
4
2
6
2
7
5
3
7
4
0
2
3
2
2
5
4
4
3
4
5
6
3
6
4
4
2
1
1
3
5
3
1
1
2
2
2
2
3
4
1
2
1
2
2
4
2
3
2
3
2
4
3
2
1
0
2
2
4
3
0
1
0
2
1
2
0
0
0
1
0
2
0
2
2
3
0
2
2
3
1
1
0
0
1
1
4
3
1
3
1
1
2
1
2
2
3
0
2
2
2
0
5
2
2
0
2
2
1
2
0
3
0
5
1
1
4
1
2
1
1
0
4
5
3
1
2
2
2
1
1
1
3
1
3
0
3
3
2
2
2
3
4
3
1
0
2
3
1
3
6
4
3
2
2
3
2
2
3
2
3
4
2
1
2
5
7
2
6
3
1
7
2
4
6
4
6
5
3
12
4
3
5
7
6
3
9
7
6
6
8
10
5
13
11
10
12
6
13
4
8
7
7
4
6
6
7
5
6
8
8
4
3
3
4
5
1
4
5
5
2
4
5
2
2
7
4
1
5
10
16
5
11
10
7
5
4
4
8
3
4
3
3
3
3
0
1
1
0
0
2
0
0
0
0
0
1
0
0
0
0
1
2
0
0
0
0
1
1
3
10
27
11
60
4
0
0
0
0
0
0
0
0
0
0
0
0
0
0
0
0
