SpectrumID=SampleSpec
Time=11-04-2022 18:01:04
DeadTime(%)=0.4
LiveTime=250
RealTime=251
Channels=0 1023
0
0
0
0
0
0
0
0
0
0
0
0
0
0
0
0
0
0
0
0
0
0
0
0
0
0
0
0
0
0
0
0
0
0
1
1
0
1
1
1
2
1
3
6
10
10
16
12
18
32
39
45
104
180
332
469
559
633
813
996
1037
1055
1136
1202
1320
1258
1355
1363
1306
1319
1249
1340
1308
1206
1269
1248
1210
1186
1120
1097
1109
1176
1062
1126
1090
967
1048
1081
1059
1034
1026
1019
984
1009
995
963
940
984
967
940
909
884
888
891
837
831
831
825
801
771
743
744
761
727
721
715
713
691
698
734
635
614
626
638
585
636
612
547
566
533
528
511
488
527
527
503
521
486
473
453
483
437
440
478
427
429
428
415
432
417
410
411
398
367
374
378
406
338
385
372
306
315
347
353
329
365
334
354
349
347
348
317
324
326
302
344
316
322
334
332
317
294
316
335
299
303
289
307
289
308
294
299
269
285
276
275
306
267
274
286
262
266
270
270
264
279
280
271
280
267
253
290
241
256
238
251
261
228
222
243
234
240
221
245
249
208
232
214
195
220
231
206
174
220
182
213
213
190
177
182
193
166
163
210
183
173
172
176
170
174
179
185
193
179
158
151
171
174
156
164
170
172
159
162
179
152
141
153
148
156
165
157
146
168
183
141
181
182
146
170
167
160
177
189
185
172
159
180
213
197
196
195
226
214
219
231
275
252
270
269
291
317
339
346
352
339
370
385
420
424
460
458
490
509
470
510
496
473
503
486
469
445
418
417
407
443
407
358
363
320
325
295
266
244
230
199
174
152
141
136
120
82
97
72
76
64
50
66
57
43
37
37
30
37
29
26
31
32
22
26
20
18
24
24
22
22
14
21
22
18
19
15
13
16
21
24
21
18
20
20
15
14
16
20
11
13
17
16
20
26
20
18
15
9
13
19
9
14
22
13
10
15
12
20
25
14
18
19
14
19
19
14
23
15
18
11
15
11
19
14
15
13
20
16
15
12
14
19
19
17
8
11
19
19
17
14
14
17
21
21
18
15
21
18
20
11
24
23
18
22
15
23
14
16
12
14
11
20
19
16
21
14
15
14
17
11
9
13
15
13
17
11
13
10
11
13
17
18
8
8
17
11
9
7
10
8
14
14
6
8
10
18
12
13
11
11
21
9
12
6
11
8
6
9
8
12
7
12
8
6
9
6
9
4
12
10
13
7
14
8
12
15
10
11
12
6
7
11
7
13
12
9
8
11
8
9
13
8
6
13
11
7
14
13
8
8
8
7
8
7
13
6
14
9
8
12
9
13
8
11
4
7
3
11
6
4
11
4
12
8
6
10
12
10
7
13
2
6
7
9
6
4
11
15
7
6
5
5
11
8
7
4
8
2
2
4
6
11
6
3
7
7
10
5
10
5
10
6
6
4
7
11
6
7
8
6
6
4
3
5
6
5
1
3
4
8
0
1
1
9
2
7
4
4
4
10
3
7
5
6
4
5
5
5
3
5
7
7
7
5
7
0
8
4
5
4
5
2
9
11
8
5
13
4
8
10
8
6
4
6
5
12
5
10
10
10
11
11
16
9
13
8
10
10
12
9
10
15
13
12
17
13
8
14
12
8
10
15
12
15
15
8
14
10
6
5
6
9
10
8
10
11
9
12
8
4
8
7
10
9
10
3
5
6
7
3
5
9
8
5
5
10
5
1
7
3
0
9
2
5
6
5
3
3
2
5
2
3
2
2
3
2
3
6
1
2
2
3
2
4
4
2
6
1
5
5
1
2
2
3
1
5
2
6
2
2
2
1
0
1
4
0
2
4
3
2
0
3
1
0
2
3
2
2
0
0
2
2
1
1
2
2
4
2
2
3
1
0
0
3
3
2
2
2
1
0
1
2
3
0
4
3
1
1
1
1
1
0
0
3
0
1
2
1
0
1
3
1
2
3
0
2
4
2
1
2
3
1
0
3
1
3
2
0
1
0
0
3
0
1
2
2
0
2
2
3
2
2
0
0
3
1
2
0
2
2
1
1
0
3
4
2
4
1
3
2
4
1
4
3
3
5
2
3
3
3
6
3
4
6
8
2
1
4
4
5
8
9
5
7
6
9
5
7
1
5
7
9
4
7
8
3
6
7
7
10
7
5
9
3
12
7
5
5
4
8
4
15
9
8
6
5
2
7
5
1
2
3
4
4
7
3
3
1
7
7
4
4
6
6
8
2
10
7
11
5
3
5
3
2
3
6
5
3
1
2
0
1
0
1
1
0
1
0
0
0
0
1
0
0
1
0
2
0
2
1
1
0
1
1
2
3
1
10
13
14
67
11
0
0
0
0
0
0
0
0
0
0
0
0
0
0
0
0
