SpectrumID=SampleSpec
Time=11-04-2022 18:15:22
DeadTime(%)=0.79
LiveTime=250
RealTime=252
Channels=0 1023
0
0
0
0
0
0
0
0
0
0
0
0
0
0
0
0
0
0
0
0
0
0
0
0
0
0
0
0
0
0
0
0
0
0
0
0
1
0
2
1
2
5
4
6
6
5
14
12
28
28
29
45
82
223
354
474
585
646
816
964
1013
1019
1149
1163
1257
1312
1295
1252
1243
1275
1261
1282
1270
1227
1230
1181
1182
1104
1176
1065
1095
1130
990
1029
1040
948
1009
960
953
952
899
960
930
926
935
914
900
844
918
867
901
851
859
785
782
831
808
828
778
774
704
747
725
683
687
687
637
675
661
658
624
580
645
561
551
563
555
505
542
547
540
477
490
484
511
443
460
484
468
417
416
390
399
390
425
401
405
411
406
381
399
360
393
381
346
357
343
354
319
348
318
338
317
333
351
314
274
306
361
350
298
257
314
297
301
288
283
308
317
300
285
273
288
273
295
270
284
293
280
298
270
269
242
277
266
297
251
261
249
253
277
277
252
279
234
238
255
268
233
221
243
248
228
225
223
212
206
234
218
218
213
186
228
210
206
189
203
232
208
182
184
164
177
198
169
191
173
170
183
174
150
167
170
161
169
179
149
173
178
148
169
158
173
156
170
168
172
139
161
139
155
127
141
150
146
156
130
143
161
149
125
143
140
143
152
155
154
162
148
134
128
153
141
151
169
170
149
177
203
171
156
199
180
185
203
198
233
223
218
235
249
243
269
277
291
281
275
321
336
359
364
382
404
385
385
414
407
410
392
388
419
378
388
343
362
324
338
276
249
280
251
202
209
182
166
139
135
126
105
121
95
90
74
57
85
44
43
21
39
49
25
25
34
29
20
22
22
18
21
23
22
24
21
12
21
23
12
21
19
16
23
25
23
22
17
24
25
15
21
14
14
21
17
17
13
29
11
18
16
25
18
16
16
14
12
15
16
15
17
9
14
16
17
17
12
22
20
23
20
21
11
12
20
18
12
13
27
13
17
8
17
9
15
12
17
18
16
13
20
14
11
13
13
23
14
12
19
12
13
15
13
22
13
8
18
20
14
13
10
16
19
12
16
16
13
14
10
11
14
16
19
15
12
17
7
14
10
14
9
13
14
14
13
15
11
9
17
10
11
15
14
15
13
11
17
8
13
13
6
10
8
8
8
17
11
15
9
10
14
10
11
7
9
12
9
6
13
14
6
10
14
11
11
8
5
11
15
9
15
12
7
12
11
6
7
17
10
12
12
7
10
7
17
7
10
7
14
12
8
5
11
8
12
7
12
6
6
9
11
9
10
8
8
7
13
12
5
14
8
9
8
7
14
10
7
7
14
10
3
8
6
5
3
7
7
9
10
9
3
9
3
11
12
10
8
4
9
6
4
6
8
5
3
5
7
2
5
5
6
2
10
10
5
3
5
8
7
5
7
2
9
7
11
3
5
5
3
4
2
6
5
2
5
4
4
3
5
7
8
6
8
4
4
4
5
6
6
3
6
8
5
4
6
4
3
8
4
9
5
8
7
5
5
7
8
15
7
6
6
8
11
12
7
5
7
4
5
8
10
7
14
7
5
5
7
13
10
15
5
7
13
10
10
8
12
6
9
12
17
11
10
11
14
12
11
14
7
16
12
9
9
4
7
11
9
10
15
7
16
9
8
12
13
9
9
3
5
7
10
5
9
8
10
6
9
3
9
3
3
5
3
5
4
7
7
3
5
7
4
2
2
4
3
6
5
7
3
3
2
0
4
2
4
3
3
4
2
2
4
2
5
2
2
2
6
3
2
3
6
2
4
3
3
2
1
5
2
1
2
3
2
1
3
0
2
5
4
1
2
5
0
3
5
4
2
1
3
3
4
3
0
2
1
2
3
5
1
2
1
1
0
3
5
4
3
3
2
2
0
2
1
1
1
1
1
2
2
4
3
3
1
2
5
1
1
3
2
1
3
1
0
3
2
2
0
1
0
2
3
2
1
4
4
2
1
3
2
3
0
1
2
3
2
2
1
4
2
0
2
1
1
1
1
1
3
4
3
3
2
1
2
2
2
3
0
3
3
4
0
4
3
4
6
4
0
4
3
4
2
6
3
5
2
2
5
4
2
3
3
5
4
4
7
9
5
6
6
13
2
6
6
6
13
8
6
6
5
1
7
5
5
6
5
9
5
9
12
7
9
5
5
7
3
3
4
3
0
1
4
2
6
6
5
2
5
2
3
4
5
10
10
6
15
12
14
7
9
11
5
10
3
3
9
4
3
2
2
1
1
1
1
1
0
0
1
1
0
1
0
0
1
1
0
2
1
0
0
0
3
0
1
1
2
7
16
15
54
15
0
0
0
0
0
0
0
0
0
0
0
0
0
0
0
0
