SpectrumID=SampleSpec
Time=11-04-2022 17:28:22
DeadTime(%)=0.79
LiveTime=250
RealTime=252
Channels=0 1023
0
0
0
0
0
0
0
0
0
0
0
0
0
0
0
0
0
0
0
0
0
0
0
0
0
0
0
0
0
0
0
0
0
0
0
0
0
1
1
1
6
5
5
11
14
21
20
19
26
37
48
64
100
210
327
541
615
651
822
982
1019
1078
1183
1238
1391
1407
1398
1480
1430
1412
1353
1387
1396
1348
1282
1333
1301
1263
1312
1227
1262
1290
1219
1201
1215
1191
1199
1274
1129
1127
1143
1147
1106
1136
1138
1139
1157
1159
1122
1140
1036
1086
1073
1084
982
1028
1042
990
991
954
891
935
910
925
863
848
848
818
827
777
821
782
765
733
752
735
718
655
680
678
680
635
575
609
640
603
593
613
569
565
523
535
542
508
487
548
465
554
469
539
526
502
454
491
442
485
450
474
483
435
462
428
417
390
432
435
428
442
444
392
373
380
387
418
406
407
410
398
392
397
406
383
379
370
395
368
399
392
361
399
432
358
374
353
364
346
358
323
361
352
379
399
361
365
366
392
357
350
339
309
330
345
298
324
340
295
330
311
290
300
264
279
284
285
278
285
242
275
235
267
246
248
237
223
241
199
200
218
208
192
205
193
193
179
169
195
191
197
187
186
179
170
173
187
150
182
195
162
171
190
179
185
188
160
158
162
165
165
176
183
176
166
184
192
162
184
174
187
195
208
193
183
202
220
186
215
248
239
262
258
267
273
271
330
334
334
321
380
382
415
434
469
524
573
612
621
655
684
729
718
755
808
788
844
880
880
860
926
890
897
810
881
870
839
803
734
740
670
645
635
566
543
486
445
444
359
349
287
255
225
213
207
155
136
130
115
108
89
67
64
52
54
41
38
45
31
24
32
33
25
23
35
23
22
21
26
19
27
25
19
21
23
13
15
14
16
20
18
22
14
17
18
17
13
18
16
18
18
16
17
20
16
26
18
22
24
20
14
13
13
20
22
17
15
14
18
16
14
14
18
20
16
16
21
22
31
20
12
13
22
23
20
17
16
13
17
27
17
17
14
24
22
13
19
14
19
16
17
20
13
16
15
24
16
18
15
11
15
14
21
12
10
16
18
13
15
10
16
20
20
15
16
15
12
15
16
19
9
11
17
15
12
15
15
15
14
14
8
12
12
6
17
16
11
8
12
14
12
11
7
15
11
11
14
10
7
6
8
14
10
13
14
13
9
12
5
11
14
16
7
9
9
7
6
12
15
14
9
9
10
18
11
9
13
6
4
12
10
11
12
6
12
10
12
14
11
7
7
13
4
12
6
13
13
9
8
5
12
11
12
10
12
9
9
13
5
14
7
13
15
6
7
9
6
10
10
12
14
9
15
11
9
9
6
8
7
9
6
6
12
7
8
5
7
5
6
5
8
6
8
11
7
8
6
8
9
7
7
5
12
6
8
9
10
7
8
7
5
6
10
4
7
8
5
3
8
3
8
5
4
4
4
5
6
4
9
5
6
3
7
3
6
10
7
5
3
9
5
6
5
7
4
4
6
7
6
4
5
3
7
8
6
5
10
8
8
5
5
15
7
6
6
3
7
5
6
9
7
9
8
3
5
7
10
8
11
13
10
9
14
12
13
5
9
16
12
12
12
12
7
11
17
14
12
8
15
20
12
10
8
11
10
11
12
17
11
12
12
6
6
13
7
9
13
9
6
12
15
3
7
7
6
3
7
3
9
6
6
4
4
5
4
9
7
5
5
4
1
2
2
5
1
7
5
4
5
6
0
2
6
3
4
0
3
3
5
5
3
1
4
3
0
2
1
3
3
2
0
4
2
3
1
4
4
1
2
6
1
2
1
5
4
2
0
2
2
0
1
0
2
1
3
3
0
3
2
1
5
1
1
1
0
4
0
2
2
2
0
2
1
5
0
1
0
0
0
1
2
2
1
3
4
0
2
1
3
3
0
3
3
2
4
2
1
1
1
0
3
3
2
0
1
2
0
6
2
1
0
1
0
0
0
3
3
2
3
5
1
3
1
2
2
2
3
0
0
2
0
1
5
3
0
0
2
1
0
1
0
2
1
4
1
2
4
0
0
1
1
5
2
3
5
2
1
3
5
4
5
4
2
2
4
0
2
6
2
10
4
6
6
7
2
8
6
3
5
11
8
8
5
6
8
10
10
9
3
8
7
8
12
7
3
7
6
6
8
7
9
6
5
6
5
1
3
4
5
0
4
3
4
3
5
2
3
3
7
4
4
4
6
7
10
6
9
10
11
7
4
8
7
3
4
4
7
2
5
6
1
2
2
1
0
0
1
2
0
0
0
1
1
1
0
0
0
1
1
0
2
0
2
2
3
2
6
8
24
18
46
0
0
0
0
0
0
0
0
0
0
0
0
0
0
0
0
