SpectrumID=SampleSpec
Time=06-04-2022 17:05:07
DeadTime(%)=8.81
LiveTime=300
RealTime=329
Channels=0 1023
0
0
0
0
0
0
0
0
0
0
0
0
0
0
0
0
0
0
0
0
0
0
0
0
0
0
0
0
0
1
2
6
21
27
46
103
142
205
273
391
506
701
845
1091
1302
1475
1859
2105
2588
3060
3517
4049
4602
5338
5907
6338
6658
7108
7409
7903
8305
8566
9029
9123
9362
9620
9731
9804
9907
9892
10076
10179
10083
10193
10292
10176
10382
10350
10492
10599
10251
10430
10418
10570
10169
10126
10060
10029
9694
9827
9652
9636
9758
9437
9423
9309
9273
9210
9161
9101
8935
8793
8661
8703
8781
8566
8630
8512
8564
8398
8430
8268
8266
8205
8474
8134
8256
8416
8519
8492
8476
8547
8661
8936
8895
9018
9223
9367
9596
9707
9702
10254
10239
10364
10552
10547
10859
11070
11153
11292
11364
11628
11621
11633
11751
11649
11825
11821
11853
11858
11801
11815
11504
11537
11836
11982
11879
12175
12340
12530
12791
13369
13714
14102
14529
14788
14993
15547
15500
15557
15615
15440
15132
14928
14541
13726
13241
12777
12024
11257
10312
9980
9170
8531
8027
7473
6947
6520
6012
5697
5480
5053
4932
4765
4312
4321
4083
3887
3830
3734
3675
3513
3378
3357
3244
3266
3284
3137
3032
3061
2896
2947
2841
2730
2799
2665
2620
2510
2479
2450
2331
2355
2219
2110
2016
1986
1923
1898
1735
1752
1799
1705
1632
1731
1568
1590
1630
1540
1501
1464
1475
1475
1408
1403
1389
1361
1453
1407
1387
1478
1454
1441
1379
1389
1370
1413
1436
1374
1455
1433
1427
1473
1563
1554
1623
1675
1631
1704
1792
1673
1841
1890
1968
2006
2033
2166
2266
2433
2478
2383
2638
2783
2945
3014
3089
3340
3495
3738
3881
4087
4256
4486
4800
4906
5252
5381
5684
5982
6349
6455
6913
7384
7391
7632
8014
8139
8493
8498
8796
8967
9013
9126
9155
9046
9089
8739
8573
8403
8102
7775
7396
7230
6686
6473
6027
5778
5329
4953
4482
4359
3782
3587
3106
2988
2757
2431
2181
2035
1843
1594
1595
1365
1269
1237
1055
992
989
976
897
869
833
795
733
771
721
757
729
696
709
630
719
638
691
721
677
683
631
672
671
672
640
698
712
612
711
644
659
629
632
624
624
635
635
628
639
635
653
614
639
613
654
604
673
614
642
601
606
621
637
611
624
646
643
625
649
622
584
635
568
598
630
620
580
585
574
624
580
628
569
591
628
605
622
549
617
566
584
621
545
582
608
520
609
579
534
560
567
574
533
520
516
532
495
533
510
511
532
523
491
516
482
496
495
459
458
502
447
421
436
452
438
414
446
479
447
486
440
438
480
420
416
402
448
408
442
441
405
413
423
426
422
362
416
410
403
373
386
422
407
405
396
411
385
403
412
452
436
407
413
436
419
415
402
393
436
456
420
421
423
437
410
436
441
465
477
447
485
468
480
479
549
510
557
567
567
601
625
607
654
629
724
656
632
676
731
732
793
737
841
793
827
774
805
814
815
855
848
845
908
795
851
844
813
797
823
783
804
769
699
745
762
752
706
646
672
661
610
559
543
565
515
554
524
497
444
445
445
417
422
432
385
396
363
391
374
387
390
364
399
387
381
367
390
397
376
416
414
427
453
438
471
487
471
511
482
534
529
547
545
543
557
567
600
598
534
644
625
623
631
665
616
614
635
644
674
628
655
588
579
597
623
627
538
570
546
512
537
496
472
480
415
413
399
389
342
343
364
325
304
283
283
267
243
231
203
194
198
185
187
173
162
160
154
134
129
124
104
104
95
97
92
93
75
94
97
79
71
78
70
58
62
47
65
56
55
50
48
46
50
57
49
58
36
46
46
50
44
43
45
51
48
37
43
38
49
37
43
41
40
42
46
42
43
32
43
30
28
35
31
32
26
25
28
21
36
37
25
36
29
26
31
20
27
35
25
33
26
22
22
26
27
25
31
32
29
27
29
27
22
34
26
22
34
21
24
21
23
25
14
16
22
30
20
22
21
22
24
18
18
22
13
21
27
21
19
14
20
20
16
22
26
18
26
17
9
14
18
21
24
19
17
13
15
14
20
16
19
11
17
20
17
12
10
11
24
14
26
19
19
15
13
12
17
16
13
13
18
13
13
18
8
16
16
14
16
22
12
9
16
11
13
9
20
12
13
8
12
23
15
12
12
12
7
16
15
11
11
8
10
14
12
8
11
9
12
11
10
15
13
14
16
14
14
15
14
9
14
11
6
11
12
11
10
11
18
7
7
7
9
20
22
15
23
10
11
12
15
15
23
13
18
11
18
17
19
18
18
21
19
24
24
26
20
36
33
24
28
25
23
18
30
26
36
25
31
27
28
35
21
26
28
28
27
25
37
30
19
35
24
28
26
30
24
35
43
27
23
21
25
22
20
22
19
18
15
22
13
11
12
18
16
22
17
23
22
27
32
31
28
23
35
30
26
17
17
29
16
11
21
21
2
6
4
3
6
7
3
4
2
1
0
1
5
1
2
0
2
2
1
0
0
1
1
0
1
0
2
1
4
1
0
1
0
1
0
3
1
1
0
0
0
0
0
0
0
0
0
0
0
0
0
0
0
0
