SpectrumID=SampleSpec
Time=06-04-2022 16:41:38
DeadTime(%)=1.64
LiveTime=600
RealTime=610
Channels=0 1023
0
0
0
0
0
0
0
0
0
0
0
0
0
0
0
0
0
0
0
0
0
0
0
0
0
0
0
0
0
0
0
0
1
5
4
7
17
30
26
32
58
70
82
96
99
145
171
172
203
247
283
322
474
701
980
1334
1610
1745
2104
2493
2580
2673
2936
3072
3232
3289
3355
3390
3317
3404
3327
3409
3355
3260
3258
3258
3173
3229
3172
3142
3119
3153
3120
3017
3029
3055
2984
3101
2852
2833
2973
2818
2879
2862
2841
2803
2909
2873
2878
2869
2929
2870
2956
3023
2951
2970
3063
3082
3084
3142
3040
2890
2907
2874
2930
2826
2742
2678
2619
2697
2576
2519
2449
2458
2380
2313
2215
2261
2164
2110
2227
2090
2043
2072
1990
1972
1942
2009
2014
1878
1922
1930
1884
1837
1912
1853
1800
1820
1801
1824
1692
1744
1754
1735
1698
1647
1672
1525
1604
1699
1603
1555
1531
1486
1562
1535
1425
1446
1478
1430
1403
1377
1451
1376
1418
1409
1412
1446
1503
1335
1421
1325
1364
1305
1293
1298
1265
1329
1322
1297
1300
1196
1232
1254
1324
1282
1223
1277
1321
1231
1198
1239
1203
1206
1187
1061
1197
1226
1187
1144
1119
1173
1157
1127
1122
1156
1140
1187
1195
1185
1163
1192
1169
1154
1118
1177
1171
1158
1112
1135
1153
1131
1179
1146
1216
1202
1233
1202
1170
1233
1201
1251
1223
1204
1229
1209
1209
1185
1204
1140
1156
1105
1211
1131
1116
1120
1079
1157
1023
1090
1071
1071
1083
1011
1013
1030
985
1012
970
1021
957
1001
1065
973
979
1032
905
1006
977
989
975
953
961
953
973
994
951
999
934
975
919
988
993
973
1003
966
951
962
971
933
990
949
898
963
959
921
942
948
936
967
904
962
962
890
939
1019
978
958
911
926
954
924
989
902
995
985
1014
920
933
978
991
934
891
1039
977
945
922
943
961
969
946
950
979
1003
987
948
965
982
1023
928
950
965
984
932
1046
962
971
981
1069
963
1003
1013
963
954
970
1013
1008
996
986
993
981
1072
1089
982
1004
1079
1000
1053
1014
1035
1079
979
1015
1017
1021
1023
1058
1053
1063
1010
1070
1036
1070
1047
1032
1020
1071
1087
1085
1049
1107
1106
1072
1077
1062
1042
1064
1054
1059
1058
1065
1105
1078
1114
1064
1077
1089
1099
1058
1043
1040
1114
1046
1045
1040
1035
1074
1013
960
1016
1059
1012
986
942
1028
976
955
920
962
901
968
964
950
934
914
910
836
827
904
898
786
822
777
783
818
829
840
728
815
792
788
755
790
782
720
760
696
763
758
735
754
736
693
693
742
693
683
675
723
740
726
741
719
706
704
771
709
675
716
752
747
722
730
709
717
717
710
722
723
718
711
691
767
718
744
708
720
788
739
819
800
786
768
785
854
824
861
867
891
936
927
947
995
990
1048
1082
1089
1206
1215
1238
1234
1361
1359
1426
1394
1420
1489
1507
1606
1702
1599
1743
1787
1760
1794
1721
1818
1857
1779
1844
1852
1822
1669
1785
1703
1761
1668
1645
1549
1556
1490
1463
1435
1353
1328
1321
1201
1182
1101
1065
1038
1005
944
931
818
777
772
799
713
747
673
663
670
654
679
646
683
644
687
672
632
673
651
703
674
756
763
761
829
802
846
875
950
933
951
998
1048
1036
1106
1107
1174
1150
1157
1212
1248
1257
1303
1271
1355
1329
1313
1312
1363
1297
1319
1319
1284
1239
1257
1249
1169
1190
1171
1097
1096
1049
944
959
958
897
794
764
790
729
661
682
679
588
578
531
480
450
407
387
387
360
336
311
248
277
270
215
227
205
169
161
156
158
140
128
114
107
111
106
107
91
82
87
69
78
80
74
68
62
71
64
65
68
64
54
43
37
56
51
54
44
60
60
46
52
30
49
43
50
50
31
30
32
31
52
52
39
33
49
40
33
34
45
38
26
27
34
36
34
35
26
36
21
23
29
24
26
33
16
28
30
23
24
34
24
26
24
27
28
31
16
25
18
17
29
21
26
30
22
22
21
23
32
25
21
21
28
18
20
22
17
19
31
29
28
29
27
28
27
19
21
22
23
16
20
19
20
22
31
23
18
19
24
27
11
19
8
18
25
18
24
25
19
15
17
21
19
21
15
13
24
18
12
11
17
13
19
16
25
19
21
20
17
16
21
13
18
16
17
17
19
19
18
11
19
19
20
30
16
21
14
16
23
20
15
13
21
13
20
16
19
16
24
13
20
13
19
11
11
21
14
19
15
21
18
11
16
19
22
18
15
20
12
16
10
14
17
16
14
11
13
22
20
16
15
12
13
17
18
11
18
19
22
11
19
28
20
21
24
19
30
19
20
30
31
27
36
30
28
38
35
29
38
34
39
35
39
48
46
47
48
51
40
52
53
63
46
57
34
56
54
51
57
59
58
59
77
46
62
59
48
58
59
60
58
44
49
52
47
29
42
29
33
33
31
25
32
29
35
30
33
49
36
37
61
57
40
46
53
61
61
52
49
56
29
30
28
21
19
16
15
16
5
10
8
7
4
5
3
2
1
2
2
3
1
0
0
0
1
1
0
4
3
2
6
3
1
4
3
3
2
4
2
0
0
0
0
0
0
0
0
0
0
0
0
0
0
0
0
