SpectrumID=SampleSpec
Time=06-04-2022 16:26:26
DeadTime(%)=4.76
LiveTime=300
RealTime=315
Channels=0 1023
0
0
0
0
0
0
0
0
0
0
0
0
0
0
0
0
0
0
0
0
0
0
0
0
0
0
0
0
0
0
0
0
0
2
0
2
6
16
26
58
94
101
192
202
282
375
419
500
605
684
804
884
1089
1335
1782
2113
2583
2772
3177
3524
3889
3988
4137
4501
4805
4921
5000
4987
5201
5232
5234
5074
5160
5197
5185
5164
5245
5226
5233
5309
5183
5330
5286
5372
5514
5557
5639
5676
5701
5875
5871
6087
5991
6030
6148
6117
6098
6047
6090
6026
5892
5718
5609
5603
5378
5313
5155
5063
5022
4863
4812
4888
4677
4617
4517
4447
4490
4523
4335
4297
4136
3967
4048
4094
4184
4023
3801
3885
3929
3910
3821
3874
3602
3732
3702
3725
3664
3695
3520
3548
3621
3516
3500
3491
3444
3460
3442
3411
3533
3324
3360
3270
3188
3333
3310
3273
3233
3207
3238
3060
3231
3180
3077
3232
3084
3144
3087
3042
3156
3145
3010
3099
2992
3010
3087
3026
3140
2958
2997
2919
2949
2993
2973
2899
2927
2991
2900
2897
2878
2926
2932
2916
2765
2804
2791
2792
2805
2914
2825
2744
2798
2642
2668
2580
2545
2636
2495
2436
2490
2420
2408
2254
2274
2193
2161
2017
2035
1949
1891
1845
1814
1722
1658
1590
1461
1407
1353
1365
1311
1158
1158
1140
1122
1082
1030
1018
953
965
930
895
959
901
813
863
849
850
803
815
864
769
826
790
801
759
776
827
782
830
861
852
888
934
882
958
994
1025
1036
1125
1110
1192
1251
1311
1379
1545
1606
1626
1722
1819
1989
2121
2165
2290
2530
2562
2747
2823
3123
3305
3592
3830
4067
4358
4685
4880
5334
5775
5946
6299
6802
7150
7464
7951
8181
8837
9197
9463
9734
10105
10312
10247
10332
10648
10459
10462
10555
10160
10151
9760
9420
8944
8528
7879
7606
6964
6652
6049
5628
5005
4673
4193
3759
3444
2960
2626
2322
2052
1765
1515
1288
1101
1004
722
746
621
507
448
406
334
294
221
220
182
168
157
170
134
127
128
107
114
97
105
105
103
93
108
76
95
100
105
91
88
86
85
66
81
71
98
97
74
88
79
88
79
81
78
89
86
91
72
81
84
85
66
80
79
76
55
68
77
72
71
70
84
62
61
63
71
62
79
68
58
55
76
63
52
69
62
72
63
65
83
64
84
62
64
69
64
71
60
56
73
56
67
62
64
59
61
65
46
63
62
70
59
66
54
62
60
44
55
49
47
50
50
52
61
53
52
41
50
46
58
50
45
32
47
28
39
47
39
43
47
43
45
43
40
40
38
38
34
37
42
32
35
48
37
45
40
29
25
32
28
23
27
37
33
33
37
43
27
29
29
31
34
33
29
32
29
30
40
23
30
28
42
24
41
18
30
24
29
27
29
23
27
32
39
32
28
30
30
27
24
31
27
23
20
33
30
39
34
29
22
25
26
31
34
23
28
28
27
27
18
27
28
25
29
14
21
17
22
27
25
27
13
28
22
21
24
27
29
28
28
21
28
24
25
24
20
27
23
29
28
24
33
34
25
33
29
28
26
26
44
27
26
28
23
21
26
30
16
19
22
26
24
32
26
25
28
23
26
33
23
23
20
34
20
24
24
16
17
25
27
19
20
22
21
17
18
14
14
21
23
17
20
16
14
14
18
14
15
11
13
11
9
13
19
13
15
9
6
13
13
12
13
8
10
18
13
11
14
12
10
11
13
16
17
9
10
11
18
13
15
7
21
17
20
11
17
17
12
11
9
13
20
9
18
15
14
19
13
18
8
10
16
16
12
16
13
18
11
8
9
7
5
6
6
6
4
11
10
8
9
7
0
9
9
3
9
8
5
5
6
1
7
3
6
7
5
2
7
4
6
7
9
4
2
3
2
3
4
1
3
4
3
3
2
4
4
4
5
1
2
4
4
2
3
3
3
8
5
2
1
1
5
3
3
2
2
2
2
2
5
5
4
2
3
1
0
5
5
3
5
1
3
3
3
0
0
2
2
1
4
3
4
0
1
6
4
2
2
5
4
2
0
2
1
3
1
2
3
6
6
1
4
1
5
3
1
2
5
4
2
1
1
3
2
3
1
1
2
1
0
2
1
1
2
6
2
2
4
2
0
5
0
1
4
0
5
3
3
2
2
0
2
2
2
3
3
4
3
3
3
0
3
1
3
1
2
0
3
4
2
2
4
5
3
5
1
3
2
1
2
2
3
1
4
0
7
1
4
1
3
4
2
1
6
5
7
8
7
2
5
7
6
10
5
3
8
10
6
5
11
10
14
8
8
13
9
13
7
11
8
5
14
10
3
7
10
17
9
5
9
5
10
14
7
6
9
8
7
4
8
6
8
1
3
8
3
1
2
2
7
6
3
3
10
10
3
6
7
20
16
6
12
6
11
6
9
2
2
5
6
0
5
2
1
2
1
0
1
1
1
0
0
1
0
0
0
0
1
1
0
3
1
0
1
3
0
1
4
2
5
7
16
13
44
39
17
0
0
0
0
0
0
0
0
0
0
0
0
0
0
0
0
