SpectrumID=SampleSpec
Time=06-04-2022 17:23:33
DeadTime(%)=6.54
LiveTime=300
RealTime=321
Channels=0 1023
0
0
0
0
0
0
0
0
0
0
0
0
0
0
0
0
0
0
0
0
0
0
0
0
0
0
0
0
0
0
2
5
6
35
43
65
83
175
186
244
325
366
503
620
770
850
1013
1190
1329
1562
1796
1953
2247
2719
3122
3672
4059
4330
4882
5263
5620
5889
6068
6516
6615
6783
6868
6916
7181
7035
7107
7281
7163
7249
7291
7396
7419
7409
7306
7565
7542
7652
7795
7663
7912
8085
8113
8184
8144
8187
8280
8141
8066
8111
7891
7826
7736
7610
7388
7345
7142
7089
6917
6959
6935
6858
6769
6733
6604
6583
6419
6324
6313
6382
6274
6213
6129
6017
5935
5780
5877
5818
5745
5761
5681
5549
5498
5553
5393
5359
5194
5296
5187
5142
5216
5043
5030
4948
4898
4866
4830
4741
4675
4656
4728
4664
4605
4395
4463
4264
4142
4058
3933
4014
3950
3762
3751
3641
3504
3328
3310
3220
3231
3053
2966
2924
2759
2849
2553
2611
2618
2523
2555
2493
2430
2430
2350
2321
2322
2346
2279
2226
2234
2187
2180
2185
2221
2147
2219
2205
2241
2216
2199
2306
2324
2334
2326
2424
2465
2430
2522
2636
2592
2719
2731
2779
2942
3046
3056
3322
3454
3430
3608
3908
3965
4201
4395
4608
4857
5241
5511
5807
6127
6395
6988
7130
7686
8101
8622
9021
9819
10144
10549
11398
11764
12533
12954
13539
13889
14026
14583
14706
14890
15023
15110
15103
14755
14234
13870
13167
12523
11909
11374
10274
9731
8730
7934
7136
6543
5947
5222
4515
3975
3484
3134
2802
2413
2116
1896
1689
1563
1452
1324
1156
1067
987
995
936
897
864
804
850
763
808
845
835
820
771
779
766
800
777
788
813
785
823
799
787
748
786
828
751
794
837
772
755
788
731
724
771
804
742
783
785
806
791
823
780
792
786
814
830
763
802
743
754
748
748
765
756
806
771
821
803
747
747
829
738
799
727
781
813
774
762
775
753
768
756
739
740
721
744
734
759
691
767
744
684
714
754
720
729
725
787
732
732
701
728
737
718
737
751
802
704
782
752
715
701
726
699
724
694
693
737
714
756
729
714
698
734
712
731
736
679
780
726
729
745
702
766
691
763
766
743
738
757
737
676
758
695
773
726
786
769
765
723
726
729
782
776
740
761
803
759
794
783
761
758
752
756
784
773
731
764
744
791
800
748
785
822
774
764
797
732
773
767
753
783
755
749
798
793
733
779
765
776
800
788
779
732
783
760
742
783
735
760
777
659
723
672
772
702
703
713
656
716
646
715
668
635
563
612
579
615
588
531
570
536
534
508
544
483
528
487
469
447
462
435
445
442
415
406
384
394
385
354
355
387
361
334
351
366
369
314
304
352
326
308
322
313
312
303
294
333
295
293
305
298
290
316
318
304
294
295
335
317
335
315
328
334
330
361
374
365
355
381
394
442
389
463
433
408
444
481
520
482
527
536
599
559
598
615
696
642
684
728
763
799
833
805
894
923
1002
984
1048
1022
1107
1158
1189
1302
1268
1273
1369
1385
1521
1507
1496
1522
1584
1595
1676
1609
1785
1569
1708
1693
1751
1726
1751
1726
1759
1783
1738
1736
1568
1596
1650
1512
1582
1457
1386
1395
1384
1318
1202
1165
1106
1097
1013
1011
917
820
877
765
670
699
666
653
602
510
529
455
463
399
389
344
325
319
313
278
249
247
217
224
216
171
188
171
159
167
166
160
140
119
125
122
142
130
122
116
136
116
118
130
106
120
97
96
105
108
118
96
111
96
106
107
114
92
82
86
88
99
110
83
106
99
92
124
95
107
105
107
101
113
105
99
85
91
86
97
102
78
89
100
89
101
83
93
86
78
94
80
85
75
88
65
70
89
72
80
87
62
77
72
79
73
80
71
61
77
64
59
69
61
73
67
50
59
69
57
69
64
67
70
75
54
52
47
66
54
51
42
44
43
42
47
44
52
34
32
32
45
42
48
56
43
42
35
41
52
44
44
32
43
38
35
32
43
44
45
35
38
33
38
40
34
36
35
36
27
34
31
24
31
38
31
42
40
34
40
32
37
39
38
45
44
47
47
39
38
37
52
34
41
49
50
57
39
48
49
49
52
39
50
48
58
59
59
64
69
76
51
58
77
65
75
67
68
64
63
60
68
59
72
63
58
57
71
64
63
54
67
57
66
52
57
63
52
51
65
40
52
57
53
47
35
40
47
45
37
28
28
34
26
24
38
28
24
30
25
22
20
27
23
25
12
21
19
20
17
18
15
20
15
14
22
26
12
18
17
21
17
17
14
10
9
24
13
12
19
18
22
15
20
16
15
28
14
19
18
12
19
9
16
20
13
17
20
12
17
18
20
15
17
13
18
18
12
13
13
9
15
11
10
10
4
17
8
3
8
5
12
9
9
6
8
6
6
12
9
13
10
13
17
16
13
9
11
14
13
7
3
4
5
4
5
4
2
5
4
0
2
0
1
2
2
1
1
1
0
0
0
1
1
1
1
0
0
0
1
1
1
3
1
3
6
22
29
0
0
0
0
0
0
0
0
0
0
0
0
0
0
0
0
